electronM=5.48579909e-4
protonM=1.00727646688
ev=1.60217657e-19
c=3e8
atomic_mass=1.660538921e-27